0|10293|sk-bold|1.8|M 172.7,15.1 C 126.0,49.3 46.2,110.2 17.1,129.1 C -12.0,148.0 80.8,58.7 75.8,78.1 C 70.8,97.5 3.2,176.2 0.4,193.9 C -2.4,211.6 66.6,129.8 66.5,137.2 C 66.4,144.6 0.3,209.1 0.0,218.5 C -0.3,227.9 65.4,165.9 65.4,168.6 C 65.4,171.3 2.3,164.1 0.0,227.4 C -2.3,290.7 44.5,383.1 57.6,379.7 C 70.7,376.3 28.8,251.5 43.8,216.1 C 58.8,180.7 62.2,270.9 107.7,261.8 C 153.2,252.7 196.2,184.8 195.4,185.8 C 194.6,186.8 105.7,258.9 105.1,265.1 C 104.5,271.3 175.3,183.2 193.5,206.6 C 211.7,230.0 145.9,359.3 165.7,343.2 C 185.5,327.1 257.3,251.2 259.6,152.9 C 261.9,54.6 199.3,56.6 173.5,15.4
1|2698|sk-bold|1.8|M 219.9,162.4 C 224.6,227.6 235.0,379.9 235.5,379.7 C 236.0,379.5 225.6,227.2 221.4,161.8
2|1142|sk-bold|1.8|M 170.9,170.4 C 168.2,175.7 162.7,179.6 161.9,188.2 C 161.1,196.8 177.3,184.6 168.3,198.9 C 159.3,213.2 128.9,237.8 131.9,235.7 C 134.9,233.6 166.6,199.7 178.3,191.8 C 190.0,183.9 180.9,196.8 170.9,209.3 C 160.9,221.8 157.5,225.5 144.9,233.6 C 132.3,241.7 133.8,237.4 128.9,236.3 C 124.0,235.2 129.6,230.1 128.5,230.1 C 127.4,230.1 127.2,239.9 125.2,236.3 C 123.2,232.7 108.5,237.9 121.8,218.2 C 135.1,198.5 155.1,185.0 169.4,170.7
3|1078|sk-bold|1.8|M 67.2,167.4 C 73.6,175.5 96.6,182.5 88.4,194.5 C 80.2,206.5 59.8,199.6 39.7,207.5 C 19.6,215.4 20.8,221.8 21.5,220.9 C 22.2,220.0 39.7,208.3 42.0,204.5 C 44.3,200.7 31.3,209.8 29.3,208.1 C 27.3,206.4 33.0,199.9 35.3,198.9 C 37.6,197.9 26.5,210.1 37.1,204.8 C 47.7,199.5 61.8,192.1 70.6,181.1 C 79.4,170.1 67.7,171.9 66.5,168.0
4|1068|sk-bold|1.8|M 124.4,93.8 C 127.5,95.4 135.1,92.5 134.8,99.2 C 134.5,105.9 125.8,107.6 123.3,116.1 C 120.8,124.6 122.6,123.9 126.3,127.4 C 130.0,130.9 134.4,125.9 135.6,127.7 C 136.8,129.5 126.4,133.2 130.4,133.3 C 134.4,133.5 146.8,127.5 148.9,128.2 C 151.0,128.9 138.8,131.0 137.4,135.7 C 136.0,140.4 147.3,138.6 144.1,144.0 C 140.9,149.4 130.0,152.9 126.7,153.8 C 123.4,154.7 133.8,148.9 133.0,147.0 C 132.2,145.1 125.9,150.1 124.1,147.5 C 122.3,144.9 131.1,138.1 127.0,138.3 C 122.9,138.5 110.8,148.3 110.3,148.1 C 109.8,147.9 124.6,150.0 125.5,137.5 C 126.4,125.0 114.5,119.3 113.3,106.3 C 112.1,93.3 119.0,97.8 121.5,94.1
5|1027|sk-bold|1.8|M 158.6,143.1 C 157.4,145.0 149.6,148.8 154.5,149.6 C 159.4,150.4 172.6,144.2 174.9,145.8 C 177.2,147.4 165.8,150.4 162.3,155.0 C 158.8,159.6 161.0,160.6 163.1,161.2 C 165.2,161.8 171.3,156.7 169.4,157.0 C 167.5,157.3 158.6,164.1 156.7,162.1 C 154.8,160.1 164.7,149.6 163.1,150.2 C 161.5,150.8 151.5,160.1 151.5,164.2 C 151.5,168.3 166.2,163.9 163.1,163.9 C 160.0,163.9 143.1,168.1 141.1,164.2 C 139.1,160.3 156.5,150.9 156.4,150.8 C 156.3,150.7 149.3,160.2 140.8,163.9 C 132.3,167.6 123.0,169.5 128.1,163.3 C 133.2,157.2 149.0,149.4 157.9,143.4
6|937|sk-bold|1.8|M 128.5,44.5 C 128.0,47.1 125.8,53.0 127.0,53.1 C 128.2,53.2 130.5,45.3 132.6,44.8 C 134.7,44.3 137.1,46.6 134.1,51.4 C 131.1,56.2 119.5,62.4 122.6,60.9 C 125.7,59.4 135.4,48.2 144.5,46.3 C 153.6,44.4 154.4,48.4 153.0,54.6 C 151.6,60.8 143.3,61.9 139.7,67.1 C 136.1,72.3 137.1,72.9 141.1,71.8 C 145.1,70.7 150.5,63.5 153.0,63.5 C 155.5,63.5 159.6,67.1 149.3,71.8 C 139.0,76.4 129.8,77.6 118.5,79.0 C 107.2,80.4 113.2,80.5 111.8,76.6 C 110.4,72.7 116.2,65.7 113.7,65.9 C 111.2,66.1 110.3,75.3 103.3,77.2 C 96.3,79.1 90.3,79.1 90.3,72.1 C 90.3,65.1 92.0,62.1 103.3,54.0 C 114.6,45.9 120.7,47.8 128.1,45.1
7|737|sk-mid|1.3|M 164.5,23.2 C 167.1,23.7 169.3,20.9 173.1,24.9 C 176.9,28.9 178.6,30.2 177.2,36.5 C 175.8,42.8 174.0,47.4 168.3,46.0 C 162.6,44.6 171.0,34.8 158.2,31.8 C 145.4,28.8 139.4,37.2 125.5,35.9 C 111.6,34.6 106.3,28.3 111.8,27.3 C 117.3,26.3 138.4,32.2 143.7,32.7 C 149.0,33.2 128.9,30.3 129.6,29.1 C 130.3,27.9 146.4,29.5 146.0,28.8 C 145.6,28.1 122.8,28.2 128.1,26.7 C 133.4,25.2 153.1,24.7 163.8,23.8
8|584|sk-mid|1.3|M 73.5,96.2 C 74.1,98.1 77.7,95.4 75.4,102.4 C 73.1,109.4 67.3,113.4 65.7,119.6 C 64.1,125.8 70.0,122.0 70.2,122.9 C 70.4,123.8 67.3,119.8 66.5,122.6 C 65.7,125.4 75.2,123.2 67.6,132.4 C 60.0,141.6 48.3,149.1 41.2,153.2 C 34.1,157.3 37.4,152.3 43.8,146.1 C 50.2,139.9 56.5,141.7 62.4,132.4 C 68.3,123.1 60.3,125.8 63.5,115.2 C 66.7,104.6 70.3,102.5 73.2,97.1
9|534|sk-mid|1.3|M 87.3,80.2 C 89.2,81.0 93.9,81.7 93.6,82.8 C 93.3,83.9 89.0,81.5 86.2,84.0 C 83.4,86.5 80.8,88.2 84.3,91.1 C 87.8,93.9 98.0,89.5 97.7,93.5 C 97.4,97.5 86.3,96.9 83.2,104.5 C 80.1,112.1 87.5,114.6 87.3,118.8 C 87.1,123.0 85.4,116.6 82.5,118.5 C 79.6,120.4 79.3,126.1 77.6,125.0 C 75.9,123.9 74.6,117.4 76.9,114.9 C 79.2,112.4 85.1,116.8 85.1,116.7 C 85.1,116.6 79.8,116.7 76.9,114.6 C 74.0,112.5 73.5,115.1 75.4,109.8 C 77.3,104.5 80.2,105.5 83.2,96.8 C 86.2,88.1 84.7,85.6 85.4,80.8
10|501|sk-mid|1.3|M 50.1,224.1 C 51.7,230.0 54.4,223.1 55.3,243.7 C 56.2,264.3 55.5,293.3 53.1,292.7 C 50.7,292.1 48.3,261.9 47.2,241.7 C 46.1,221.5 48.7,230.2 49.4,225.3
11|499|sk-mid|1.3|M 152.3,97.7 C 151.9,101.2 155.8,101.5 150.8,109.5 C 145.8,117.5 140.9,121.8 135.6,124.4 C 130.3,127.0 135.0,119.6 133.0,118.2 C 131.0,116.8 130.5,121.6 128.9,119.6 C 127.3,117.6 124.9,116.1 127.8,111.6 C 130.7,107.1 136.8,104.9 138.5,104.5 C 140.2,104.1 133.6,107.6 133.3,110.4 C 133.0,113.2 135.2,116.3 137.4,113.7 C 139.6,111.1 138.3,105.6 140.8,101.8 C 143.3,98.0 144.8,99.4 145.6,100.9 C 146.4,102.4 144.1,106.3 143.4,106.9 C 142.7,107.5 141.1,105.5 143.4,103.0 C 145.7,100.5 148.9,99.9 151.2,98.6
12|481|sk-mid|1.3|M 196.5,184.1 C 195.1,202.9 191.7,245.9 191.7,246.7 C 191.7,247.5 195.1,204.7 196.5,186.7
13|427|sk-mid|1.3|M 198.0,168.6 C 197.4,173.2 198.0,178.6 196.1,183.8 C 194.2,189.0 193.5,186.5 191.7,186.1 C 189.9,185.6 190.6,182.1 190.2,182.3 C 189.8,182.5 192.2,184.6 190.2,186.7 C 188.2,188.8 184.1,192.7 183.5,189.4 C 182.9,186.1 187.5,180.2 188.3,175.8 C 189.1,171.4 188.6,170.2 186.1,174.6 C 183.6,179.0 183.1,185.5 180.1,190.6 C 177.1,195.7 173.8,197.9 176.1,191.5 C 178.4,185.1 183.6,174.6 187.9,169.2 C 192.2,163.8 187.7,173.4 190.5,173.4 C 193.3,173.4 195.2,170.5 197.2,169.2
14|417|sk-mid|1.3|M 44.2,281.1 C 44.5,284.3 44.8,290.4 45.3,291.8 C 45.8,293.2 44.1,285.4 45.7,285.9 C 47.3,286.4 48.9,282.5 50.5,293.6 C 52.1,304.7 55.0,323.3 50.9,323.0 C 46.8,322.7 41.3,304.4 36.8,292.7 C 32.3,281.0 34.2,284.2 36.0,284.1 C 37.8,284.0 40.6,293.1 42.7,292.4 C 44.8,291.7 43.0,284.9 43.1,281.7
15|406|sk-mid|1.3|M 23.0,246.4 C 28.9,256.6 36.8,267.4 42.7,280.5 C 48.6,293.6 45.2,292.1 42.7,290.0 C 40.2,287.9 37.2,275.2 34.2,273.4 C 31.2,271.6 35.9,291.8 32.7,284.1 C 29.5,276.4 26.2,258.6 23.4,247.6
16|382|sk-mid|1.3|M 208.0,103.3 C 207.6,107.0 205.8,115.4 206.5,115.5 C 207.2,115.6 209.4,105.9 210.2,103.6 C 211.0,101.3 208.4,106.4 209.1,107.8 C 209.8,109.2 214.1,104.4 212.5,108.4 C 210.9,112.4 206.8,118.5 203.9,121.1 C 201.0,123.7 203.8,114.8 202.8,117.0 C 201.8,119.2 202.8,124.9 200.6,128.5 C 198.4,132.1 197.9,129.6 195.4,129.1 C 192.9,128.6 190.8,129.3 192.4,126.8 C 194.0,124.3 197.5,125.8 200.6,120.8 C 203.7,115.8 200.7,115.0 202.8,110.1 C 204.9,105.2 206.2,106.2 207.6,104.5
17|377|sk-mid|1.3|M 114.4,215.2 C 116.6,220.1 119.9,225.9 121.8,231.6 C 123.7,237.3 121.8,236.4 120.7,234.2 C 119.6,232.0 118.2,223.6 118.1,224.1 C 118.0,224.6 119.2,233.3 120.3,235.7 C 121.4,238.1 121.0,231.9 121.8,232.2 C 122.6,232.5 124.7,235.6 122.9,236.6 C 121.1,237.6 118.1,239.4 115.9,235.4 C 113.7,231.4 115.7,223.2 115.5,223.2 C 115.3,223.2 116.2,235.6 115.1,235.4 C 114.0,235.2 111.9,228.0 111.8,222.7 C 111.7,217.4 113.4,218.5 114.8,217.9 C 116.2,217.3 117.0,220.9 116.6,220.6 C 116.2,220.3 114.3,218.1 113.3,217.0
18|348|sk-mid|1.3|M 40.5,217.3 C 42.7,231.1 50.7,256.1 47.9,263.3 C 45.1,270.5 36.1,253.3 31.2,241.4 C 26.3,229.5 30.9,230.0 31.6,223.5 C 32.3,217.0 31.0,221.4 33.4,219.7 C 35.8,218.0 37.8,218.4 39.7,217.9
19|329|sk-mid|1.3|M 107.3,192.7 C 108.6,194.7 111.1,195.4 111.8,199.5 C 112.5,203.6 109.5,204.4 109.6,206.3 C 109.7,208.2 112.2,205.5 112.2,205.7 C 112.2,205.9 109.7,205.8 109.6,206.9 C 109.5,208.0 112.1,208.5 111.8,209.3 C 111.5,210.1 112.1,205.2 108.5,209.6 C 104.9,214.0 99.8,224.4 99.9,223.8 C 100.0,223.2 107.2,214.5 108.8,207.5 C 110.4,200.5 105.6,202.9 105.1,200.4 C 104.6,197.9 105.6,198.1 107.0,199.2 C 108.4,200.3 109.7,205.8 109.6,204.0 C 109.5,202.2 107.5,196.5 106.6,193.3
20|312|sk-mid|1.3|M 157.1,105.4 C 158.2,106.3 160.7,105.4 160.8,108.4 C 160.9,111.4 157.5,115.3 157.5,115.5 C 157.5,115.7 158.6,110.6 160.8,109.0 C 163.0,107.4 164.3,109.3 164.9,110.1 C 165.5,110.9 162.9,110.8 162.7,111.6 C 162.5,112.4 164.9,112.4 164.2,112.8 C 163.5,113.2 161.5,112.0 160.5,112.8 C 159.5,113.6 162.9,113.2 160.8,115.5 C 158.7,117.8 157.0,119.5 153.4,120.5 C 149.8,121.5 148.8,118.5 148.9,118.8 C 149.0,119.1 153.9,119.8 153.8,121.4 C 153.7,123.0 151.4,123.7 148.6,124.1 C 145.8,124.5 144.0,126.1 144.5,122.6 C 145.0,119.1 148.3,114.7 150.1,112.5 C 151.9,110.3 148.6,117.1 150.4,115.2 C 152.2,113.3 154.3,109.0 156.0,106.3
21|306|sk-mid|1.3|M 181.3,286.8 C 181.4,289.7 185.0,284.8 181.6,296.6 C 178.2,308.5 170.4,329.1 170.1,326.3 C 169.8,323.5 177.4,299.1 180.5,287.4
22|305|sk-mid|1.3|M 212.5,57.6 C 213.7,58.0 213.4,56.0 216.5,59.1 C 219.6,62.2 220.8,66.4 222.9,68.0 C 225.0,69.6 225.0,67.4 223.6,64.4 C 222.2,61.4 218.7,59.3 218.4,57.9 C 218.1,56.5 221.5,58.6 222.5,59.7 C 223.5,60.8 220.1,60.7 221.7,61.5 C 223.3,62.3 222.6,58.1 227.7,62.3 C 232.8,66.5 236.5,71.2 238.8,75.4 C 241.1,79.6 241.5,78.5 235.5,76.3 C 229.5,74.1 226.1,73.3 218.8,68.0 C 211.5,62.7 213.6,61.4 211.3,58.5
23|303|sk-mid|1.3|M 193.1,139.2 C 193.2,143.2 191.7,146.6 193.5,152.6 C 195.3,158.6 199.8,155.0 199.1,159.1 C 198.4,163.2 191.3,164.5 191.3,166.2 C 191.3,167.9 199.1,163.8 199.1,164.8 C 199.1,165.8 194.2,168.8 191.3,169.5 C 188.4,170.2 189.4,170.3 189.4,167.1 C 189.4,163.9 191.8,161.6 191.3,158.8 C 190.9,156.0 187.9,158.6 187.9,157.6 C 187.9,156.6 189.8,160.8 191.3,155.6 C 192.8,150.4 192.4,144.8 192.8,140.1
24|283|sk-light|0.9|M 189.1,189.4 C 187.9,191.5 185.4,195.1 185.0,196.5 C 184.6,197.9 186.8,193.8 187.9,194.2 C 189.0,194.6 189.6,194.8 188.7,197.7 C 187.8,200.6 191.1,197.8 185.0,204.0 C 178.9,210.2 171.1,217.1 168.3,218.5 C 165.5,219.9 171.4,216.8 175.7,208.7 C 180.0,200.6 178.9,197.1 182.7,191.5 C 186.5,185.9 186.6,190.4 188.3,190.0
25|254|sk-light|0.9|M 36.0,252.6 C 39.8,257.0 44.8,256.9 48.7,267.2 C 52.6,277.5 52.9,290.9 49.0,286.8 C 45.1,282.7 39.7,263.5 35.7,253.5
26|252|sk-light|0.9|M 100.3,25.8 C 103.1,26.4 105.4,26.5 109.6,27.9 C 113.8,29.3 113.6,29.4 114.4,30.6 C 115.2,31.8 111.8,31.5 112.2,31.8 C 112.6,32.1 113.6,30.9 115.9,31.5 C 118.2,32.1 120.3,32.3 120.0,33.8 C 119.7,35.3 118.2,36.5 114.8,36.5 C 111.4,36.5 111.9,34.5 108.8,33.8 C 105.7,33.1 106.2,33.5 104.4,34.1 C 102.6,34.7 104.7,36.1 102.9,35.9 C 101.1,35.7 100.6,33.8 98.4,33.5 C 96.2,33.2 98.5,36.1 95.5,35.0 C 92.5,33.9 92.1,30.5 88.4,29.7 C 84.7,28.9 84.1,32.5 83.2,32.4 C 82.3,32.3 81.6,31.1 85.4,29.4 C 89.2,27.7 92.7,27.5 95.8,26.7
27|247|sk-light|0.9|M 220.6,164.5 C 221.2,165.3 222.8,166.1 222.5,167.1 C 222.2,168.1 220.4,159.6 219.5,167.7 C 218.6,175.8 220.0,189.6 219.5,194.2 C 219.0,198.8 217.7,191.5 217.7,182.9 C 217.7,174.3 219.0,170.6 219.5,165.4
28|241|sk-light|0.9|M 24.5,238.7 C 26.6,241.2 27.0,237.3 31.6,247.0 C 36.2,256.7 40.4,268.3 39.7,271.0 C 39.0,273.7 34.0,265.2 29.3,255.9 C 24.6,246.6 25.7,244.7 24.1,239.9
29|241|sk-light|0.9|M 106.2,89.1 C 108.5,90.1 113.4,90.4 114.0,92.6 C 114.6,94.8 110.1,97.0 108.1,96.5 C 106.1,96.0 108.1,90.1 107.3,90.8 C 106.5,91.5 108.5,93.8 105.5,98.9 C 102.5,104.0 102.3,105.5 97.3,107.8 C 92.3,110.1 91.7,107.3 88.8,106.6 C 85.9,105.9 85.2,107.8 87.7,105.4 C 90.2,103.0 92.1,103.2 97.3,98.6 C 102.5,94.0 102.8,92.6 105.1,90.0
30|233|sk-light|0.9|M 178.7,127.1 C 179.6,127.4 181.7,124.6 181.6,128.2 C 181.5,131.8 183.0,134.7 178.3,139.2 C 173.6,143.7 166.3,143.7 166.0,143.1 C 165.7,142.5 173.6,139.7 177.2,137.2 C 180.8,134.7 179.7,134.7 177.9,134.8 C 176.1,134.9 172.4,138.0 171.2,137.5 C 170.0,137.0 174.0,133.8 173.8,133.3 C 173.6,132.8 171.0,136.7 170.5,135.7 C 170.0,134.7 170.0,132.2 172.0,130.0 C 174.0,127.8 175.6,128.7 177.2,128.2
31|229|sk-light|0.9|M 107.0,20.5 C 111.4,20.8 115.1,20.2 121.8,21.4 C 128.5,22.6 128.7,22.9 129.3,24.6 C 129.9,26.3 127.8,27.5 123.7,27.0 C 119.6,26.5 125.3,23.9 115.5,22.9 C 105.7,21.9 94.6,24.4 91.0,23.8 C 87.4,23.2 99.8,21.7 103.6,20.8
32|225|sk-light|0.9|M 89.1,196.2 C 89.7,196.4 99.9,193.2 91.0,196.8 C 82.1,200.4 67.8,205.2 59.4,208.1 C 51.0,211.0 62.4,207.4 63.1,206.6 C 63.8,205.8 57.7,207.1 61.7,205.4 C 65.7,203.7 72.3,203.0 76.5,201.0 C 80.7,199.0 75.2,199.2 75.8,198.6 C 76.4,198.0 77.9,198.4 78.4,198.9 C 78.9,199.4 74.6,201.2 77.6,200.4 C 80.6,199.6 85.2,197.5 88.4,196.2
33|224|sk-light|0.9|M 206.5,70.7 C 208.7,71.9 211.1,73.8 213.9,74.8 C 216.7,75.8 214.8,72.9 215.8,74.2 C 216.8,75.5 223.3,77.6 217.3,79.0 C 211.3,80.4 200.8,80.4 195.7,79.0 C 190.6,77.6 198.2,75.5 200.2,74.2 C 202.2,72.9 203.1,73.3 202.4,74.8 C 201.7,76.3 198.1,78.1 198.0,79.3 C 197.9,80.5 201.6,79.0 202.1,78.7 C 202.6,78.4 198.7,79.9 199.8,78.4 C 200.9,76.9 204.5,75.2 205.8,73.6 C 207.2,72.0 204.3,73.6 204.3,73.0 C 204.3,72.4 205.4,72.0 205.8,71.5
34|223|sk-light|0.9|M 216.5,53.7 C 218.3,53.8 216.7,50.9 222.5,54.0 C 228.3,57.1 229.5,58.0 235.9,64.1 C 242.3,70.2 242.1,71.1 243.7,74.5 C 245.3,77.9 244.3,78.6 241.1,75.4 C 237.9,72.2 237.5,68.7 232.9,63.8 C 228.3,58.9 230.8,61.6 225.8,59.1 C 220.8,56.6 219.0,57.0 216.2,55.5 C 213.4,54.0 216.4,54.4 216.5,54.0
35|208|sk-light|0.9|M 139.3,192.4 C 139.6,192.5 142.7,189.8 140.4,192.7 C 138.1,195.6 134.5,199.6 131.5,202.2 C 128.5,204.8 130.4,200.4 130.4,201.3 C 130.4,202.2 131.5,203.3 131.5,205.1 C 131.5,206.9 131.4,206.8 130.4,207.2 C 129.4,207.6 128.4,206.1 128.1,206.3 C 127.8,206.5 129.5,206.4 129.3,207.8 C 129.1,209.2 128.2,211.0 127.4,210.8 C 126.6,210.6 127.6,208.3 126.7,207.2 C 125.8,206.1 125.0,207.8 124.4,207.2 C 123.8,206.6 123.9,205.3 124.8,205.1 C 125.7,204.9 126.4,206.8 127.4,206.6 C 128.4,206.4 128.3,205.2 128.1,204.5 C 127.9,203.8 126.2,205.8 126.7,204.2 C 127.2,202.6 125.9,202.5 129.6,199.2 C 133.3,195.9 136.1,195.1 138.9,193.3
36|207|sk-light|0.9|M 188.7,249.7 C 189.5,250.1 190.6,250.1 191.3,250.9 C 192.0,251.7 191.6,252.1 190.9,252.3 C 190.2,252.5 189.8,251.0 189.1,251.5 C 188.4,252.0 188.4,253.3 188.7,253.8 C 189.0,254.3 189.7,252.8 190.2,253.2 C 190.7,253.6 191.8,249.5 190.5,255.3 C 189.2,261.1 187.6,267.2 185.7,272.5 C 183.8,277.8 183.8,277.4 184.2,272.8 C 184.6,268.2 186.3,260.9 187.2,257.1 C 188.1,253.3 186.9,259.4 187.2,260.1 C 187.5,260.8 188.1,262.0 188.3,259.5 C 188.5,257.0 188.0,254.1 187.9,251.8
37|199|sk-light|0.9|M 97.3,195.9 C 98.1,197.0 100.2,195.3 99.9,199.5 C 99.6,203.7 97.4,203.5 96.2,209.9 C 95.0,216.3 96.4,216.8 95.8,220.9 C 95.2,225.0 95.6,224.4 94.3,223.5 C 93.0,222.6 92.4,221.4 91.4,217.9 C 90.4,214.4 90.5,216.4 91.0,211.7 C 91.5,207.0 91.5,206.8 93.2,202.2 C 94.9,197.5 95.6,198.0 96.6,196.2
38|197|sk-light|0.9|M 84.3,34.7 C 84.8,34.7 86.2,33.5 85.8,34.7 C 85.4,35.9 84.2,35.5 82.8,38.6 C 81.4,41.7 82.2,42.8 81.0,45.1 C 79.8,47.4 79.4,43.6 78.7,46.3 C 78.0,49.0 78.1,51.0 78.7,54.0 C 79.3,57.0 80.5,55.7 80.6,56.4 C 80.7,57.1 79.9,55.6 79.1,56.4 C 78.3,57.2 78.4,62.3 78.0,59.1 C 77.6,55.9 76.0,53.0 77.6,45.7 C 79.2,38.4 81.5,38.0 83.2,34.7
39|192|sk-light|0.9|M 178.7,174.0 C 179.6,174.2 183.5,169.2 181.6,174.6 C 179.7,180.0 177.0,186.8 172.3,192.1 C 167.6,197.4 168.6,192.8 166.0,192.4 C 163.4,192.0 164.0,192.9 163.8,190.6 C 163.6,188.3 163.0,189.7 165.3,184.7 C 167.6,179.7 168.8,176.8 171.6,174.0 C 174.4,171.2 172.8,175.0 174.6,175.2 C 176.4,175.4 177.0,174.9 177.5,174.6 C 178.0,174.3 176.5,174.4 176.1,174.3
40|189|sk-light|0.9|M 107.3,213.2 C 108.4,214.3 110.5,215.0 111.1,217.0 C 111.7,219.0 108.8,217.5 109.2,220.0 C 109.6,222.5 111.1,220.8 112.5,225.3 C 113.9,229.8 115.3,232.5 114.0,235.1 C 112.7,237.7 112.8,235.7 108.1,233.9 C 103.4,232.1 99.0,235.2 98.4,229.2 C 97.8,223.2 103.9,218.6 106.2,214.0
41|186|sk-light|0.9|M 82.1,33.8 C 80.7,37.3 78.7,37.5 77.3,45.4 C 75.9,53.3 77.8,55.9 77.3,60.0 C 76.8,64.1 76.4,63.1 75.8,59.1 C 75.2,55.1 75.1,52.2 75.4,46.6 C 75.7,41.0 75.3,44.2 76.9,40.4 C 78.5,36.6 79.5,36.0 80.6,34.1
42|181|sk-light|0.9|M 107.7,18.7 C 112.2,19.3 122.0,20.4 122.6,20.8 C 123.2,21.2 119.3,19.3 109.6,19.9 C 99.9,20.5 94.9,22.7 90.3,22.9 C 85.7,23.1 90.4,21.7 94.3,20.5 C 98.2,19.3 99.6,19.3 103.3,19.0 C 107.0,18.7 105.6,19.4 106.6,19.6
43|180|sk-light|0.9|M 20.1,245.8 C 20.9,246.9 21.3,244.4 22.7,249.4 C 24.1,254.4 25.0,258.6 24.9,262.4 C 24.8,266.2 22.8,262.9 22.3,262.1 C 21.8,261.3 23.7,261.2 23.4,259.8 C 23.1,258.4 21.6,259.1 21.2,257.4 C 20.8,255.7 21.4,254.5 21.9,254.1 C 22.3,253.7 22.7,257.5 22.7,256.2 C 22.7,254.9 22.5,251.6 21.9,249.7 C 21.3,247.8 21.0,248.9 20.8,250.0 C 20.6,251.1 21.4,253.0 21.2,253.5 C 21.0,254.0 20.6,254.1 20.1,251.8 C 19.7,249.5 19.8,247.6 19.7,245.8
44|179|sk-light|0.9|M 102.9,203.1 C 103.2,204.3 104.3,205.6 104.0,207.2 C 103.7,208.8 101.6,207.4 101.8,208.4 C 102.0,209.4 103.8,210.8 104.7,210.5 C 105.6,210.2 104.3,207.4 104.7,207.5 C 105.1,207.6 107.8,205.8 105.9,210.8 C 104.0,215.8 100.7,222.2 98.4,224.1 C 96.1,226.0 97.2,223.0 98.1,217.0 C 99.0,211.0 100.4,207.9 101.4,204.0
45|176|sk-light|0.9|M 41.6,307.6 C 44.1,312.0 47.7,317.1 49.8,322.1 C 51.9,327.1 50.4,325.7 48.7,324.2 C 47.0,322.7 45.8,320.4 44.2,317.1 C 42.6,313.8 44.1,313.9 43.5,313.2 C 42.9,312.5 43.0,314.7 42.3,314.7 C 41.6,314.7 41.5,313.1 41.2,313.2 C 40.9,313.3 42.1,315.7 41.2,315.0 C 40.3,314.3 39.1,312.5 38.3,310.8 C 37.5,309.1 37.5,308.9 38.6,309.3 C 39.7,309.7 41.2,312.3 42.0,312.0 C 42.8,311.7 41.4,309.3 41.2,308.2
46|172|sk-light|0.9|M 76.9,32.4 C 75.8,35.3 74.0,34.9 73.2,42.2 C 72.4,49.5 74.9,54.5 74.3,56.7 C 73.7,58.9 72.4,53.8 71.3,49.6 C 70.2,45.4 69.2,47.8 70.6,42.8 C 72.0,37.8 74.4,35.9 76.1,33.0
47|169|sk-light|0.9|M 189.4,62.0 C 189.8,62.4 191.4,61.4 190.9,63.2 C 190.4,65.0 189.4,66.1 187.6,68.0 C 185.8,69.9 186.0,68.1 185.0,69.5 C 184.0,70.9 184.9,72.2 184.2,72.7 C 183.5,73.2 182.9,70.7 182.7,71.0 C 182.5,71.3 183.8,72.6 183.5,73.6 C 183.2,74.6 182.5,72.9 181.6,74.2 C 180.7,75.5 182.1,77.1 180.5,77.8 C 178.9,78.5 176.9,78.5 176.4,76.6 C 175.9,74.7 177.1,73.2 178.7,71.5 C 180.3,69.8 180.5,71.9 181.6,71.0 C 182.7,70.1 181.6,69.3 182.4,68.6 C 183.2,67.9 183.8,69.0 184.2,68.6 C 184.6,68.1 182.6,68.9 183.9,67.1 C 185.2,65.3 187.3,64.0 188.7,62.6
48|168|sk-light|0.9|M 160.8,138.0 C 160.1,138.7 162.2,138.4 158.6,140.4 C 155.0,142.4 149.1,144.5 148.9,144.6 C 148.7,144.7 154.4,141.9 157.9,140.7 C 161.4,139.5 160.4,140.1 160.5,140.7 C 160.6,141.3 161.2,141.2 158.2,142.8 C 155.2,144.4 153.4,145.5 150.4,146.1 C 147.4,146.7 149.1,145.7 148.2,144.9 C 147.3,144.1 144.3,145.3 147.5,143.4 C 150.7,141.5 155.6,140.0 159.0,138.6
49|167|sk-light|0.9|M 258.5,199.8 C 257.8,201.8 257.0,202.5 256.3,206.6 C 255.6,210.7 255.3,209.0 256.3,213.5 C 257.3,218.0 259.2,222.1 259.6,221.5 C 260.0,220.9 258.0,216.3 257.8,211.4 C 257.6,206.5 259.1,206.9 258.9,205.1 C 258.7,203.3 256.8,207.3 257.0,205.4 C 257.2,203.5 258.8,200.8 259.6,198.9
50|165|sk-light|0.9|M 92.9,182.3 C 93.6,183.7 93.9,185.4 95.1,187.0 C 96.3,188.6 96.8,186.9 96.9,187.6 C 97.0,188.3 95.7,188.5 95.5,189.4 C 95.3,190.3 96.8,189.4 96.2,190.6 C 95.6,191.8 94.5,194.6 93.6,193.3 C 92.7,192.0 93.4,186.7 93.2,186.4 C 93.0,186.1 93.4,190.2 92.9,192.4 C 92.4,194.6 92.3,193.5 91.4,193.6 C 90.5,193.7 90.6,194.1 89.9,192.7 C 89.2,191.3 89.0,191.0 89.1,188.8 C 89.2,186.6 91.0,186.6 90.3,185.2 C 89.6,183.8 87.9,184.8 86.9,184.1 C 85.9,183.4 85.6,183.0 86.9,182.9 C 88.2,182.8 89.8,183.9 91.4,183.8 C 93.0,183.7 91.9,183.0 92.1,182.6
51|162|sk-light|0.9|M 77.6,137.2 C 78.4,137.7 78.1,138.3 80.2,138.9 C 82.3,139.5 83.1,138.8 84.7,139.2 C 86.3,139.6 85.9,139.3 85.4,140.1 C 85.0,140.9 83.2,141.6 83.2,141.9 C 83.2,142.2 84.4,141.9 85.4,141.0 C 86.4,140.1 85.3,139.4 86.5,138.9 C 87.7,138.5 90.2,137.8 89.5,139.5 C 88.8,141.2 85.9,142.1 84.3,144.6 C 82.7,147.1 85.6,146.0 84.3,147.8 C 83.0,149.6 81.7,149.7 79.9,150.5 C 78.1,151.3 78.4,152.3 78.4,150.5 C 78.4,148.7 80.4,147.6 79.9,144.6 C 79.4,141.6 77.8,142.4 76.9,140.4 C 76.0,138.4 76.9,138.6 76.9,137.8
52|162|sk-light|0.9|M 93.6,151.4 C 93.8,151.9 95.3,151.9 94.3,153.2 C 93.3,154.5 92.1,155.0 90.3,155.6 C 88.5,156.2 89.6,154.5 88.4,155.3 C 87.2,156.1 85.4,157.6 86.2,158.2 C 87.0,158.8 88.9,158.2 91.0,157.3 C 93.1,156.4 92.2,155.8 93.2,155.3 C 94.2,154.8 94.2,154.6 94.3,155.6 C 94.4,156.6 94.7,157.4 93.6,158.5 C 92.5,159.6 92.4,159.3 90.6,159.4 C 88.8,159.5 88.7,158.7 87.7,158.8 C 86.7,158.9 89.1,159.9 87.3,159.7 C 85.5,159.5 82.0,159.5 81.7,158.2 C 81.4,156.9 84.4,156.0 86.2,155.3 C 88.0,154.6 87.4,156.1 87.7,155.9 C 88.0,155.7 85.9,156.0 87.3,154.7 C 88.7,153.4 90.9,152.6 92.5,151.7
53|161|sk-light|0.9|M 78.7,32.1 C 79.3,32.4 81.5,30.1 80.6,33.2 C 79.7,36.3 77.5,35.8 75.8,42.5 C 74.1,49.2 75.8,54.1 75.0,55.5 C 74.2,56.9 73.6,51.1 73.2,47.2 C 72.8,43.3 72.4,46.4 73.5,42.5 C 74.6,38.6 75.9,36.6 76.9,34.1
54|158|sk-light|0.9|M 185.3,154.4 C 185.4,154.9 186.6,155.1 185.7,156.2 C 184.8,157.3 182.8,157.2 182.4,158.2 C 182.0,159.2 183.7,158.1 184.2,159.4 C 184.7,160.7 186.8,160.4 184.2,162.4 C 181.6,164.4 179.4,164.0 175.7,166.0 C 172.0,168.0 173.7,168.4 172.0,169.2 C 170.3,170.0 169.4,169.6 170.1,168.6 C 170.8,167.5 173.0,167.1 174.2,165.7 C 175.4,164.3 173.4,164.8 174.2,163.9 C 175.0,163.0 176.5,163.1 176.8,162.7 C 177.1,162.3 175.6,163.0 175.3,162.7 C 175.0,162.4 175.0,162.2 175.7,161.8 C 176.4,161.4 175.7,163.4 177.5,161.5 C 179.3,159.6 179.6,157.4 181.6,155.6 C 183.6,153.8 183.4,155.6 184.2,155.6
55|156|sk-light|0.9|M 113.7,150.8 C 114.0,151.1 115.2,150.9 114.8,151.7 C 114.4,152.5 115.0,152.4 112.5,153.5 C 110.0,154.6 108.6,154.2 106.6,155.3 C 104.6,156.4 108.4,155.6 105.9,157.3 C 103.4,159.0 100.1,159.7 98.4,160.9 C 96.7,162.1 100.1,160.8 100.3,161.2 C 100.5,161.6 100.6,162.8 99.2,162.4 C 97.9,162.0 96.8,161.3 95.8,160.0 C 94.8,158.7 95.4,158.5 95.8,158.2 C 96.2,157.9 93.5,160.6 97.3,159.1 C 101.1,157.6 105.0,155.4 108.5,153.2 C 112.0,151.0 107.4,152.1 108.8,151.7 C 110.2,151.2 112.0,151.7 113.3,151.7
56|156|sk-light|0.9|M 239.6,81.6 C 238.8,86.4 238.2,93.8 237.0,97.7 C 235.8,101.6 235.5,95.6 235.5,94.7 C 235.5,93.8 237.0,94.8 237.0,94.7 C 237.0,94.6 235.0,97.3 235.5,94.4 C 236.0,91.5 238.4,87.9 238.8,84.9 C 239.2,81.9 238.8,84.0 237.0,84.3 C 235.2,84.6 234.1,85.6 232.9,85.8 C 231.7,86.0 231.2,85.6 232.9,84.9 C 234.6,84.2 236.7,84.2 238.5,83.4 C 240.3,82.6 238.7,82.6 238.8,82.2
57|155|sk-light|0.9|M 30.5,221.5 C 29.9,223.5 29.0,222.5 28.6,228.3 C 28.2,234.1 30.7,238.8 29.3,240.8 C 27.9,242.8 25.6,238.5 23.8,234.8 C 22.0,231.1 23.8,230.6 23.4,228.6 C 23.0,226.6 22.3,230.1 22.3,228.3 C 22.3,226.5 21.4,224.8 23.4,222.7 C 25.4,220.6 27.3,221.6 29.0,221.2
58|155|sk-light|0.9|M 41.2,315.3 C 44.1,320.9 48.4,327.8 50.9,334.0 C 53.4,340.2 51.3,337.6 49.4,335.8 C 47.5,334.0 46.2,331.3 44.6,328.0 C 43.0,324.7 45.0,326.4 44.2,324.8 C 43.4,323.2 43.0,325.3 42.0,322.7 C 41.0,320.1 41.2,318.2 40.9,316.2
59|147|sk-light|0.9|M 115.9,236.9 C 119.4,237.4 124.0,237.4 127.4,238.4 C 130.8,239.4 127.0,240.3 127.4,240.2 C 127.8,240.1 126.7,238.6 128.9,238.1 C 131.1,237.6 136.2,237.3 134.8,238.4 C 133.5,239.5 129.9,240.6 124.4,241.7 C 118.9,242.8 119.3,242.1 116.6,242.0 C 113.9,241.9 115.4,242.0 115.5,241.4 C 115.6,240.8 116.9,240.4 117.0,239.9 C 117.1,239.4 116.7,239.2 115.9,239.6 C 115.1,240.0 114.7,241.7 114.4,241.1 C 114.1,240.5 114.7,238.6 114.8,237.5
60|147|sk-light|0.9|M 160.1,43.6 C 160.5,44.2 161.6,43.4 161.6,45.7 C 161.6,48.0 162.7,45.8 160.1,51.1 C 157.5,56.4 155.6,59.8 153.0,63.2 C 150.4,66.6 151.2,63.3 151.5,62.3 C 151.8,61.3 153.5,62.1 154.1,60.0 C 154.7,57.9 152.2,57.9 153.4,55.2 C 154.6,52.5 156.4,54.2 158.2,51.1 C 160.0,48.0 159.0,46.7 159.3,44.8
61|145|sk-light|0.9|M 125.2,154.4 C 126.4,154.7 129.0,154.6 129.3,155.3 C 129.6,156.0 127.1,155.7 126.3,156.8 C 125.5,157.9 127.3,157.7 126.7,159.1 C 126.1,160.5 129.4,160.1 124.4,161.5 C 119.4,162.9 111.8,164.4 109.9,163.9 C 108.0,163.4 115.3,161.5 118.1,159.7 C 120.9,157.9 117.2,159.4 119.2,157.9 C 121.2,156.4 122.7,155.4 124.8,154.7 C 126.9,154.0 126.0,155.6 126.3,155.6 C 126.6,155.6 126.0,155.0 125.9,154.7
62|145|sk-light|0.9|M 162.3,131.5 C 162.9,131.6 163.8,131.4 164.2,131.8 C 164.6,132.2 164.9,132.2 163.8,133.0 C 162.7,133.8 164.4,133.4 160.5,134.5 C 156.6,135.6 153.1,135.7 150.8,136.6 C 148.5,137.5 153.7,136.6 152.7,137.5 C 151.7,138.4 150.2,138.9 147.5,139.5 C 144.8,140.1 143.2,140.3 143.7,139.5 C 144.2,138.7 147.7,138.0 149.3,136.9 C 150.9,135.8 145.5,137.2 148.9,136.0 C 152.4,134.8 157.0,134.3 160.8,133.0 C 164.6,131.7 161.4,132.2 161.6,131.8
63|145|sk-light|0.9|M 32.7,156.8 C 32.1,158.5 33.1,159.1 30.8,162.4 C 28.5,165.7 26.8,166.3 24.9,167.7 C 23.0,169.1 25.0,166.6 24.5,167.1 C 24.0,167.6 25.3,167.3 23.4,169.5 C 21.5,171.7 18.1,175.4 18.2,174.3 C 18.3,173.2 19.8,170.8 23.8,166.0 C 27.8,161.2 29.3,160.5 31.6,158.2
64|145|sk-light|0.9|M 87.7,118.8 C 88.1,119.1 87.5,119.8 89.1,119.9 C 90.7,120.0 91.3,119.2 92.9,119.3 C 94.5,119.4 94.0,119.7 94.3,120.2 C 94.6,120.7 96.8,120.4 94.0,121.1 C 91.2,121.8 88.6,121.7 85.1,122.6 C 81.6,123.5 83.4,122.9 82.5,124.1 C 81.6,125.3 83.8,125.4 82.1,126.5 C 80.4,127.6 78.7,128.2 76.9,127.7 C 75.1,127.2 75.9,125.5 76.1,125.0 C 76.3,124.5 74.8,127.4 77.6,125.9 C 80.4,124.4 82.4,121.7 85.4,119.9 C 88.4,118.1 87.1,120.1 87.7,119.9 C 88.3,119.7 87.4,119.5 87.3,119.3
65|143|sk-light|0.9|M 51.3,306.4 C 51.5,308.4 51.3,312.5 52.0,313.2 C 52.7,313.9 52.8,309.5 53.5,308.8 C 54.2,308.1 54.4,305.6 54.2,310.8 C 54.0,316.0 53.5,322.0 52.7,326.0 C 51.9,330.0 52.1,327.8 51.6,324.2 C 51.1,320.6 51.1,317.1 50.9,314.1
66|143|sk-light|0.9|M 212.5,90.5 C 212.5,90.8 219.8,89.0 212.5,91.4 C 205.2,93.8 195.6,96.8 188.3,98.6 C 181.0,100.4 181.6,99.7 188.3,97.4 C 195.0,95.1 203.9,92.8 210.6,90.8
67|141|sk-light|0.9|M 42.7,222.7 C 43.2,223.2 43.9,222.9 44.2,224.4 C 44.5,225.9 43.2,224.7 43.8,227.7 C 44.4,230.7 45.6,232.1 46.1,234.5 C 46.6,236.9 44.9,234.6 45.3,235.7 C 45.7,236.8 47.2,236.2 47.5,238.1 C 47.8,240.0 47.2,241.6 46.4,242.0 C 45.6,242.4 46.1,245.1 44.9,239.6 C 43.7,234.1 43.1,228.5 42.3,223.8
68|140|sk-light|0.9|M 120.3,214.9 C 120.8,214.9 121.8,212.5 121.8,214.9 C 121.8,217.3 120.0,217.6 120.3,223.0 C 120.6,228.4 123.3,233.2 122.9,232.8 C 122.5,232.4 119.9,225.3 118.9,221.8 C 117.9,218.3 119.7,221.3 119.6,221.2 C 119.5,221.1 118.8,222.1 118.5,221.5 C 118.2,220.9 118.3,219.6 118.5,219.1 C 118.7,218.6 118.8,219.9 119.2,220.0 C 119.6,220.1 119.8,220.8 120.0,219.4 C 120.2,218.0 120.0,216.7 120.0,215.5
69|139|sk-light|0.9|M 194.6,107.8 C 195.0,108.2 196.9,107.1 196.1,109.2 C 195.3,111.3 192.8,113.2 192.0,114.9 C 191.2,116.6 194.7,112.2 193.5,114.9 C 192.3,117.6 189.7,121.9 187.9,123.8 C 186.1,125.7 188.0,122.1 187.6,121.1 C 187.2,120.1 186.5,121.6 186.5,120.5 C 186.5,119.4 186.8,118.3 187.6,117.6 C 188.4,116.9 188.2,118.3 189.1,118.2 C 190.0,118.1 190.4,117.8 190.5,117.3 C 190.6,116.8 189.7,117.4 189.4,116.4 C 189.1,115.4 188.7,115.5 189.4,114.0 C 190.1,112.5 191.0,112.7 191.7,111.3 C 192.4,109.9 191.2,110.0 191.7,109.2 C 192.2,108.4 193.0,108.8 193.5,108.7
70|139|sk-light|0.9|M 34.9,294.8 C 35.2,295.7 35.2,297.3 36.0,297.8 C 36.8,298.3 36.7,295.3 37.5,296.6 C 38.3,297.9 38.2,301.1 38.6,302.2 C 39.1,303.3 38.7,300.5 39.0,300.4 C 39.3,300.3 39.6,300.1 39.7,301.9 C 39.8,303.7 38.9,304.9 39.4,306.4 C 39.8,307.9 40.7,306.6 41.2,307.0 C 41.7,307.4 41.7,307.5 41.2,307.9 C 40.8,308.3 40.0,307.6 39.7,308.2 C 39.4,308.8 40.8,310.7 40.1,309.9 C 39.4,309.1 38.0,307.0 37.5,305.5 C 37.0,304.0 38.5,305.4 38.3,304.9 C 38.1,304.4 37.0,305.3 36.8,303.7 C 36.6,302.1 37.8,300.9 37.5,299.5 C 37.2,298.1 36.6,299.8 35.7,299.0 C 34.8,298.2 34.9,297.5 34.5,296.9
71|139|sk-light|0.9|M 192.8,100.0 C 193.1,100.1 194.8,99.1 193.9,100.3 C 193.0,101.5 191.7,101.6 189.8,103.9 C 187.9,106.2 187.5,107.6 187.6,108.1 C 187.7,108.6 189.4,105.5 190.2,105.4 C 191.0,105.3 191.8,106.6 190.2,107.8 C 188.6,109.0 185.3,110.9 185.0,109.5 C 184.7,108.1 187.2,105.4 189.1,103.0 C 191.0,100.6 190.9,102.1 191.3,101.5 C 191.7,100.9 191.4,100.5 190.5,100.9 C 189.6,101.3 189.3,102.4 188.3,102.7 C 187.3,103.0 186.9,102.6 187.2,101.8 C 187.5,101.0 188.0,100.4 189.4,100.0 C 190.8,99.6 191.0,100.2 191.7,100.3
72|137|sk-light|0.9|M 168.3,327.8 C 168.6,328.8 168.9,330.7 169.4,331.0 C 169.9,331.3 169.8,329.0 170.1,328.9 C 170.4,328.8 172.1,326.7 170.5,330.7 C 168.9,334.7 167.0,339.3 164.9,342.3 C 162.8,345.3 163.4,342.3 163.4,340.8 C 163.4,339.3 164.2,337.5 164.9,337.2 C 165.6,336.9 165.4,339.4 165.7,339.9 C 166.0,340.4 166.2,339.9 166.0,339.0 C 165.8,338.1 164.3,340.0 164.9,337.0 C 165.5,334.0 167.0,331.3 167.9,328.9
73|132|sk-light|0.9|M 168.3,244.0 C 168.6,244.2 170.1,243.3 169.4,244.6 C 168.7,245.9 170.1,244.7 166.0,248.2 C 161.9,251.7 159.8,253.4 155.6,256.2 C 151.4,259.0 149.9,259.3 151.9,257.4 C 153.9,255.5 157.7,253.8 162.3,250.0 C 166.9,246.2 165.7,246.4 167.1,244.9
74|132|sk-light|0.9|M 75.0,103.3 C 75.4,103.3 76.4,102.9 76.5,103.3 C 76.6,103.7 75.1,104.0 75.4,104.5 C 75.7,105.0 78.2,102.6 77.6,105.1 C 77.0,107.6 74.4,112.0 73.5,112.8 C 72.6,113.6 74.6,109.5 74.7,107.8 C 74.8,106.1 74.8,105.3 73.9,107.2 C 73.0,109.1 72.7,112.0 71.7,114.0 C 70.7,116.0 70.9,114.2 70.6,113.7 C 70.3,113.2 70.1,113.5 70.6,112.5 C 71.1,111.5 71.9,111.7 72.4,110.4 C 72.9,109.1 71.7,110.0 72.4,108.1 C 73.1,106.2 74.0,105.2 74.7,103.9
75|131|sk-light|0.9|M 174.9,188.8 C 175.4,189.2 176.4,189.5 176.4,190.3 C 176.4,191.1 175.6,191.3 174.9,191.5 C 174.2,191.7 174.3,190.5 174.2,190.9 C 174.1,191.4 175.0,191.8 174.6,193.0 C 174.2,194.2 173.5,193.4 172.7,194.8 C 171.9,196.2 173.7,195.1 172.0,197.7 C 170.3,200.3 168.3,201.6 167.1,203.4 C 165.9,205.2 168.2,203.5 167.9,203.7 C 167.6,203.9 166.7,204.4 166.0,204.2 C 165.3,204.0 165.4,204.1 165.7,203.1 C 166.0,202.1 166.1,201.8 167.1,201.0 C 168.1,200.2 168.6,201.0 169.0,200.4 C 169.4,199.8 167.2,202.1 168.6,198.9 C 170.0,195.7 172.2,192.5 173.8,189.7
76|131|sk-light|0.9|M 99.2,210.8 C 98.8,212.6 97.9,212.0 97.7,216.7 C 97.5,221.4 98.4,223.3 98.4,226.5 C 98.4,229.7 98.2,228.4 97.7,227.4 C 97.2,226.4 97.0,223.8 96.6,223.2 C 96.1,222.6 96.6,225.4 96.2,225.3 C 95.8,225.2 95.1,223.9 95.1,222.7 C 95.1,221.5 96.1,222.1 96.2,221.2 C 96.3,220.3 95.4,222.0 95.5,219.7 C 95.6,217.4 95.8,216.0 96.6,213.5 C 97.4,211.0 97.6,212.0 98.1,211.4
77|128|sk-light|0.9|M 122.2,154.4 C 122.4,154.6 126.6,152.2 122.9,155.0 C 119.2,157.8 114.1,160.8 109.9,163.6 C 105.7,166.4 110.0,164.3 108.8,164.2 C 107.6,164.1 105.7,164.4 105.9,163.3 C 106.1,162.2 107.2,161.6 109.6,160.6 C 112.0,159.6 112.4,160.4 114.0,160.0 C 115.6,159.6 114.9,159.5 115.1,159.1 C 115.3,158.6 115.2,158.4 114.8,158.5 C 114.4,158.6 113.8,159.7 113.7,159.4 C 113.6,159.1 112.3,158.9 114.4,157.6 C 116.5,156.3 118.8,155.8 120.7,155.0
78|127|sk-light|0.9|M 30.8,222.1 C 31.0,222.4 31.8,220.3 31.6,223.0 C 31.4,225.7 30.4,225.6 30.1,231.0 C 29.8,236.4 30.8,240.6 30.5,241.1 C 30.2,241.6 29.0,238.1 29.0,232.8 C 29.0,227.5 30.0,226.3 30.5,223.5
79|126|sk-light|0.9|M 163.4,133.6 C 163.7,134.2 167.0,134.1 164.5,135.7 C 162.0,137.3 160.1,136.7 154.9,138.9 C 149.7,141.1 150.0,142.3 147.1,143.1 C 144.2,143.9 144.5,142.9 145.2,141.6 C 145.9,140.3 147.0,139.9 149.3,138.9 C 151.6,137.9 151.0,139.0 152.7,138.3 C 154.4,137.6 152.0,137.9 154.9,136.6 C 157.8,135.3 160.1,134.7 162.3,133.9
